C:\dev\Ceres\artifacts\release\net5.0>ceres suite epd=eret opponent=lc0 network=lc0:703810 device=gpu:0,1 limit=500_000nm pruning=false

|=====================================================|
| Ceres - A Monte Carlo Tree Search Chess Engine      |
|                                                     |
| (c) 2020- David Elliott and the Ceres Authors       |
|   With network backend code from Leela Chess Zero.  |
|                                                     |
|  Version 0.80. Use help to list available commands. |
|  git Branch:master Commit:9959d85 (dirty)           |
|=====================================================|


Ceres user settings loaded from file Ceres.json
Found 510 WDL, 0 DTM and 510 DTZ tablebase files.

C1 = <NNEvaluatorDef Network=LC0:703810 Device=GPU:0@0.5,1@0.5 >
EX = <GameEngineDefLC0 LC0 Evaluator=<NNEvaluatorDef Network=LC0:703810 Device=GPU:0@0.5,1@0.5 >   with smart pruning disabled>

  #     CEx    CC       P     SEx  SC     MEx      MC       Fr       Yld    TimeEx    TimeC    Dep       NEx          Nodes      Frac   QEx      QC    Batches     NNEvals     TBase
----  -----  -----  -------  ---  ---  -------  -------  -------  -------  -------  -------  -----  ------------  ------------  ----  ------  ------  --------  -----------  --------
   0  10.00   0.00       NaN  10    0     f1f4   Ra1-b1    61%     0.691      5.81     2.77   17.7       500,058       499,852     0  -1.011  -0.401     1,295      371,917         0
   1  10.00   5.00      9.03  10   10     f8g6   Nf8-g6    98%     0.175      2.11     1.41    2.6       500,031       499,716     2  -1.003  -0.089     1,000       49,691       482
   2   6.67   6.67    231.90   0   10     f3h3    f4-f5    52%     0.755      5.80     2.26   16.9       500,115       499,368    91  -0.993   0.233     1,086      336,583         0
   3   5.00   7.50    309.83   0   10     d3c2   Nf3xg5    50%     0.815      2.09     1.25   15.0       500,112       499,871    93  -1.000   0.099       890      113,538         0
   4   6.00   8.00    250.53  10   10     b3f7   Bb3xf7    91%     0.643      5.78     2.50   18.5       500,154       499,699    15  -0.980   0.442     1,411      385,979         0
   5   5.00   8.33    201.81   0   10     e4c6   Nd7-c5  ! 53%     0.789      5.15     1.79   19.1       500,174       500,104     1  -0.998   0.066       989      296,750        57
   6   4.29   7.14    201.81   0    0     c5d4   Bc5xd4    98%     0.858      4.31     1.75   20.7       500,313       499,937     0  -0.991   0.258       884      231,017         0
   7   5.00   7.50    168.19  10   10     b3d5   Qb3xd5    95%     0.871      4.12     1.76   15.6       500,187       499,930     1  -0.996   0.132       863      350,927         0
   8   4.44   6.67    168.19   0    0     h2h3    h2-h3    97%     0.726      6.16     2.39   18.3       500,224       499,870     0  -0.992   0.220     1,105      381,577         0
   9   5.00   7.00    147.12  10   10     d5d4    d5-d4    96%     0.873      3.60     1.81   13.0       500,004       499,921     4  -0.950   0.771       929      365,463         0
  10   5.45   7.27    129.70  10   10     d4e5    d4xe5    96%     0.621      6.29     2.53   24.0       500,255       500,097     2  -0.979   0.443     1,420      305,281         0
  11   5.83   7.50    115.43  10   10     c3d5   Nc3xd5    97%     0.763      5.84     1.93   18.4       500,131       499,892     1  -0.998   0.072     1,054      290,181         0
  12   6.15   7.69    103.89  10   10     e2d2   Qe2-d2    67%     0.839      4.82     1.77   16.8       500,227       500,069     1  -0.993   0.224       950      257,509         0
  13   6.43   7.86     94.57  10   10     d2f3   Nd2-f3    94%     0.861      3.53     1.70   15.2       500,172       500,060     1  -0.991   0.273       876      364,796         2
  14   6.00   7.33     94.57   0    0     h3f1   Qh3-f1    97%     0.945      2.83     1.33   13.5       500,041       499,599     0  -0.975   0.597       774       69,652       523
  15   6.25   7.50     86.71  10   10     a5c6   Na5-c6    97%     0.799      4.76     1.96   17.9       500,257       500,022     1  -1.001  -0.036       967      309,199         0
  16   5.88   7.06     86.71   0    0     f8e8   Qf6-f5  ! 31%     0.745      6.02     1.94   12.8       500,039       499,755     0  -0.996   0.108     1,106      349,506         0
  17   6.11   6.67     86.71  10    0     a5g5    h4-h3    86%     0.639      8.71     2.59   16.6       500,004       499,789     0  -1.003  -0.077     1,419      412,340         0
  18   5.79   6.32     86.71   0    0     f7f8   Kf7-f8    93%     0.906      3.02     1.47   13.4       500,081       499,961     0  -0.987   0.393       821      298,683     2,621
  19   5.50   6.00     86.71   0    0     a4c3   Na4-c3    70%     0.747      4.43     1.84   12.6       500,130       499,970     0  -0.983   0.443     1,038      343,151         0
  20   5.71   6.19     83.68  10   10     d8c8   Rd8-c8    71%     0.853      3.74     1.72   11.0       500,017       499,725     9  -1.008  -0.311       868      343,050         0
  21   5.91   6.36    102.14  10   10     h2h4    h2-h4    62%     0.800      4.68     1.95   17.3       500,041       499,538    69  -0.997   0.077       975      374,300         0
  22   6.09   6.52     95.39  10   10     h4g6   Nh4-g6    98%     0.823      4.32     1.91   17.1       500,197       499,990     1  -0.967   0.667     1,000      351,736         0
  23   6.25   6.67     89.42  10   10     f1e2   Bf1-e2    93%     0.823      3.85     1.81   13.2       500,069       499,539     1  -0.999   0.025       871      306,604         0
  24   6.40   6.80     84.16  10   10     g5d8   Bg5xd8    94%     0.951      2.97     1.39   18.3       500,165       500,085     1  -0.968   0.766       771       55,421         0
  25   6.54   6.92     79.85  10   10     h4g6   Nh4xg6    96%     0.758      5.60     2.32   25.6       500,072       499,738     1  -0.990   0.318     1,097      396,823         7
  26   6.67   6.67     79.85  10    0     g2g4   Kg6-f5    29%     0.957      2.62     1.09    9.1       500,251       500,214     0  -0.980   0.313       769       36,270         0
  27   6.79   6.79     76.24  10   10     a7a4   Ra7-a4    95%     0.894      4.09     1.82   18.4       500,352       500,091     2  -0.989   0.314       878      291,814         0
  28   6.90   6.90     72.44  10   10     c1c5   Rc1xc5    98%     0.782      5.14     1.71   17.0       500,157       499,911     1  -0.986   0.374     1,008      267,086         0
  29   7.00   7.00     69.02  10   10     f3h4   Nf3-h4    96%     0.606      8.31     2.52   18.8       500,007       499,584     1  -0.995   0.188     1,459      395,480         0
  30   7.10   7.10     65.90  10   10     b3b4    b3-b4    95%     0.955      2.77     1.36   17.0       500,256       500,200     1  -0.986   0.428       768       38,469         0
  31   6.88   6.88     65.90   0    0     a2a3    a2-a3    68%     0.897      3.58     1.32   22.0       500,008       499,966     0  -0.988   0.342       862       92,999        61
  32   6.97   6.97     65.43  10   10     f3e5   Nf3xe5    92%     0.847      4.18     1.88   17.5       500,248       499,807    11  -0.996   0.157       962      342,904         0
  33   6.76   6.76     65.43   0    0     g4c8   Qg4-c8    32%     0.772      3.83     1.81   12.6       500,200       500,078     0  -0.998   0.035     1,043      333,172         0
  34   6.86   6.86     63.43  10   10     a3b5   Na3xb5    97%     0.892      4.16     1.79   20.2       500,472       500,230     3  -0.980   0.519       895      316,404         0
  35   6.67   6.94     80.07   0   10     f5f8    b6-b7    51%     0.899      3.42     1.59   13.9       500,456       500,397    96  -0.974   0.737       843      281,484       737
  36   6.49   6.76     80.07   0    0     c2f2   Rc2-f2    99%     0.820      3.22     1.52   17.3       500,256       500,191     0  -0.995   0.686       953      214,575        24
  37   6.32   6.58     80.07   0    0     g7e8   Ng7-e8    92%     0.934      2.78     1.19   16.4       500,093       500,042     0  -0.994   0.193       769      127,911     4,018
  38   6.41   6.67     77.46  10   10     a2a3    a2-a3    87%     0.849      3.73     1.67   14.6       500,087       499,564     2  -0.997   0.096       880      294,114         0
  39   6.50   6.75     74.59  10   10     f8c5   Bf8-c5    94%     0.713      4.09     1.72   12.8       500,090       499,651     1  -1.001  -0.083     1,032      273,748         0
  40   6.59   6.83     71.93  10   10     f3g5   Nf3xg5    98%     0.856      3.87     1.91   13.8       500,299       499,913     1  -0.961   0.722       905      288,585         0
  41   6.67   6.90     69.45  10   10     c7b7   Kc7-b7    97%     0.948      2.43     1.16   14.6       500,156       499,786     1  -1.007  -0.299       749       34,699        83
  42   6.51   6.74     69.45   0    0     g4f5    g4xf5    99%     0.781      5.24     1.92   15.1       500,031       499,741     0  -0.987   0.360     1,068      308,718         0
  43   6.59   6.82     67.35  10   10     h2h4    h2-h4    95%     0.761      5.05     1.93   17.4       500,167       499,968     1  -0.986   0.402     1,056      322,904         0
  44   6.44   6.67     67.35   0    0     a1e1   Ra1-e1    52%     0.767      4.77     1.94   13.0       500,005       499,599     0  -0.991   0.272     1,009      382,303         0
  45   6.30   6.74     76.86   0   10     h4g5   Nf4-d3    57%     0.630      1.90     1.43    9.5       500,086       499,845    72  -1.000   0.175     1,003      151,973        30
  46   6.38   6.81     74.84  10   10     c5b7   Nc5xb7    96%     0.512      3.72     1.83   11.4       500,338       500,076     2  -1.003  -0.128     1,251      192,080         0
  47   6.46   6.88     72.59  10   10     c4d5    c4xd5    84%     0.892      3.55     1.72   11.9       500,104       499,601     1  -0.996   0.131       828      351,206         0
  48   6.53   6.94     75.89  10   10     f2f4    f2-f4    68%     0.821      4.79     1.84   17.8       500,158       499,942    37  -0.993   0.194       929      358,592         0
  49   6.40   6.80     75.89   0    0     g6g5    g6-g5    97%     0.834      4.18     1.87   16.5       500,053       499,858     0  -0.974   0.587       966      351,622         0
  50   6.47   6.86     73.72  10   10     g7h6   Bg7-h6    97%     0.753      4.46     2.08   18.1       500,161       499,650     1  -1.006  -0.254     1,128      316,984         0
  51   6.54   6.92     71.67  10   10     b2b4    b2-b4    96%     0.885      3.78     1.81   18.8       500,207       500,118     1  -0.978   0.543       863      343,950         0
  52   6.60   6.98     69.74  10   10     c5c4    c5-c4    96%     0.808      4.91     1.83   18.9       500,106       499,901     1  -1.007  -0.269       948      253,148         0
  53   6.48   6.85     69.74   0    0     e8d8   Re8-d8    98%     0.684      4.89     2.20   18.0       500,201       499,872     0  -0.984   0.421     1,242      328,637        47
  54   6.55   6.91     67.91  10   10     f4h6   Bf4xh6    97%     0.874      3.74     1.73   12.8       500,017       499,627     1  -0.988   0.366       875      319,381         0
  55   6.43   6.79     67.91   0    0     g2g4    g2-g4    66%     0.737      5.59     2.03   16.0       500,111       499,687     0  -0.998   0.026     1,107      337,125         0
  56   6.32   6.67     67.91   0    0     e3e4    e3-e4    53%     0.878      4.19     1.63   11.0       500,286       500,205     0  -0.991   0.274       838      331,870         0
  57   6.38   6.72     66.48  10   10     h2h4    h2-h4    97%     0.770      2.36     1.29   11.7       500,125       500,109     2  -1.003  -0.129       874      135,634     8,581
  58   6.27   6.61     66.48   0    0     h4g5    h4xg5    96%     0.754      5.07     1.73   17.3       500,046       499,941     0  -0.991   0.306     1,063      251,594       177
  59   6.33   6.67     64.94  10   10     a8d8   Qa8xd8    98%     0.793      4.24     1.83   17.2       500,096       499,950     1  -0.975   0.602     1,052      323,309         0
  60   6.23   6.56     64.94   0    0     d4d3    d4-d3    94%     0.782      5.07     2.01   20.9       500,152       499,592     0  -0.991   0.273     1,045      360,086         2
  61   6.29   6.61     63.35  10   10     g5g6    g5-g6    98%     0.949      3.54     1.59   12.6       500,150       499,639     1  -0.935   0.830       784      255,498         0
  62   6.19   6.51     63.35   0    0     e7f6   Qe7-f6    84%     0.603      6.37     2.39   18.0       500,100       499,561     0  -1.002  -0.239     1,427      349,075         0
  63   6.25   6.56     61.84  10   10     f1h1   Rf1-h1    93%     0.887      2.72     1.20   12.9       500,347       500,255     1  -1.002  -0.103       767      195,048         5
  64   6.31   6.62     62.13  10   10     c7b6   Qc7-b6    83%     0.736      5.23     2.24   15.0       500,054       499,809    15  -1.009  -0.313     1,147      378,746         0
  65   6.21   6.52     62.13   0    0     d5d4   Rd5xd4    93%     0.951      3.05     1.28   18.1       500,064       499,832     0  -0.997   0.073       778      186,685       412
  66   6.27   6.57     64.66  10   10     f4f3    f4-f3    67%     0.585      8.01     2.51   16.6       500,047       499,586    35  -0.996   0.155     1,536      360,002         0
  67   6.32   6.62     66.66  10   10     a2a3    a2-a3    81%     0.791      4.73     1.82   19.1       500,221       499,714    31  -0.983   0.437       997      270,070         0
  68   6.38   6.67     65.21  10   10     h4h5    h4-h5    98%     0.758      5.63     1.94   16.3       500,260       499,945     1  -0.977   0.529     1,032      359,790         0
  69   6.43   6.71     63.85  10   10     a2a3    a2-a3    93%     0.736      5.41     2.26   18.5       500,054       499,645     1  -0.995   0.186     1,131      404,848         0
  70   6.48   6.76     62.53  10   10     f4f5    f4-f5    72%     0.764      4.73     1.82   15.9       500,071       499,469     1  -0.987   0.396     1,025      322,178         0
  71   6.53   6.81     65.02  10   10     a8d5   Qa8-d5    81%     0.669      5.42     2.23   16.7       500,068       499,831    37  -0.984   0.399     1,283      358,815         0
  72   6.44   6.71     65.02   0    0     e1e2   Re1xe2    94%     0.813      4.66     2.02   12.5       500,189       499,942     0  -0.988   0.354       913      407,876         0
  73   6.49   6.76     63.72  10   10     d3c4   Kd3-c4    98%     0.871      3.34     1.57   16.1       500,236       499,718     1  -0.953   0.761       874      307,398         5
  74   6.40   6.67     63.72   0    0     g4h3    g4xh3    61%     0.910      3.39     1.44   12.9       500,067       500,026     0  -1.039  -0.756       861      210,043         0
  75   6.45   6.71     62.47  10   10     g5f6   Bg5xf6    97%     0.760      5.73     2.20   22.5       500,132       499,867     1  -0.989   0.340     1,097      378,106         0
  76   6.49   6.75     61.28  10   10     g5f6    g5xf6    98%     0.839      5.28     1.73   22.0       500,090       499,935     1  -0.978   0.516       954      253,518         0
  77   6.54   6.79     60.12  10   10     f1f6   Rf1xf6    99%     0.885      3.90     1.66   15.0       500,315       500,250     1  -0.941   0.813       909      257,398         0
  78   6.46   6.71     60.12   0    0     d4f6   Bd4xf6    98%     0.770      5.05     2.14   24.5       500,145       499,721     0  -0.988   0.378     1,037      372,133         0
  79   6.50   6.75     66.40  10   10     g5c1   Bg5-c1    58%     0.787      4.80     1.80   15.8       500,265       499,864    80  -0.984   0.373       966      339,806         0
  80   6.54   6.79     65.30  10   10     h6g7   Bh6-g7    98%     0.759      4.74     2.29   16.9       500,095       499,971     1  -0.967   0.670     1,120      389,262         0
  81   6.59   6.83     67.76  10   10     g3g4    g3-g4    79%     0.709      2.97     1.28   11.9       500,043       499,697    41  -0.967   0.521       869       71,297       154
  82   6.51   6.87     66.57   0   10     e2f3   Nc3-b5    97%     0.747      5.76     2.10   18.5       500,099       499,882     1  -0.986   0.509     1,064      365,912         0
  83   6.43   6.79     66.57   0    0     h6e3   Bh6-e3    91%     0.794      5.06     1.93   20.4       500,124       499,583     0  -0.993   0.245     1,027      322,841         3
  84   6.35   6.71     66.57   0    0     g1h2   Kg1-h2  ! 44%     0.741      5.14     1.96   16.5       500,375       500,253     0  -0.992   0.255     1,126      300,085         9
  85   6.40   6.74     65.53  10   10     c4c5    c4-c5    96%     0.715      5.32     2.06   14.9       500,008       499,324     1  -0.976   0.547     1,135      388,554         0
  86   6.44   6.78     64.43  10   10     e4e5    e4-e5    94%     0.892      3.84     1.91   16.7       500,094       499,951     1  -0.969   0.652       862      373,253         0
  87   6.48   6.82     63.71  10   10     g3g4    g3-g4    96%     0.927      2.80     1.35   16.4       500,487       500,070     4  -0.930   0.823       820      182,670        43
  88   6.40   6.74     63.71   0    0     d5d1   Rd5-d1    95%     0.951      2.82     1.37    7.9       500,072       500,065     0  -0.548   0.977       782      204,205         0
  89   6.33   6.67     63.71   0    0     c2f5   Bc2-f5    60%     0.982      2.40     1.09    9.6       500,079       499,716     0  -0.936   0.800       747       85,635         0
  90   6.37   6.70     62.67  10   10     g7g6    g7-g6    95%     0.802      3.09     1.24   21.2       500,269       499,934     1  -1.002  -0.096       880       63,332     2,029
  91   6.41   6.74     64.55  10   10     c7c5    c7-c5    63%     0.813      4.09     1.80   14.0       500,063       499,672    36  -1.016  -0.495       969      345,963         0
  92   6.34   6.67     64.55   0    0     f7h6   Nf7-h6    31%     0.948      2.48     1.33    8.1       500,250       500,172     0  -1.147  -0.928       784      227,831         0
  93   6.28   6.60     64.55   0    0     g5e3   Bg5-e3    88%     0.659      5.07     2.39   16.7       500,054       499,520     0  -0.996   0.022     1,233      272,159         0
  94   6.32   6.63     63.59  10   10     f3g5   Nf3xg5    96%     0.869      4.11     1.73   17.5       500,218       500,129     1  -0.980   0.515       875      355,103         0
  95   6.25   6.56     63.59   0    0     f3f8   Qf3-f8    98%     0.299      1.49     1.01    3.8       500,070       499,660     0  -1.000  -0.032       890       18,180         0
  96   6.29   6.60     63.79  10   10     c4c5    c4-c5    88%     0.880      3.03     1.17   19.2       500,332       500,228    15  -0.983   0.452       832       92,498        30
  97   6.33   6.63     62.84  10   10     e4e8   Re4-e8    70%     0.979      2.48     1.31    7.4       500,067       499,803     1  -1.001  -0.062       759      198,562        85
  98   6.26   6.67     61.89   0   10     c4d5   Re7-e8  ! 56%     0.848      3.03     1.33   14.2       500,132       499,856     1  -1.000   0.011       831      193,570        41
  99   6.30   6.70     62.26  10   10     d4f5   Nd4-f5    87%     0.766      4.74     1.98   19.2       500,235       499,997    17  -0.994   0.163     1,051      333,278         0
 100   6.34   6.73     61.36  10   10     d7e5   Nd7-e5    98%     0.787      4.21     1.92   18.6       500,235       499,947     1  -0.981   0.600     1,056      383,950         0
 101   6.37   6.76     60.47  10   10     a6b4   Na6xb4    96%     0.852      4.45     1.95   25.9       500,220       499,756     1  -0.993   0.232       901      385,405         9
 102   6.31   6.70     60.47   0    0     a5a6    a5-a6    66%     0.710      5.11     1.86   21.8       500,082       499,810     0  -0.989   0.161     1,180      292,715        31
 103   6.35   6.73     59.71  10   10     c6e7   Nc6-e7    91%     0.905      3.83     1.68   14.2       500,062       500,002     2  -0.995   0.161       853      264,008         0
 104   6.29   6.67     59.71   0    0     d4d5    d4-d5    93%     0.805      5.15     1.98   16.6       500,082       499,842     0  -0.987   0.383       955      398,805         0
 105   6.32   6.70     59.76  10   10     e7f6   Be7xf6    83%     0.791      4.49     1.97   17.2       500,025       499,713    13  -1.023  -0.572     1,036      340,589         0
 106   6.26   6.64     59.76   0    0     d4c2   Nd4-c2    61%     0.857      3.71     1.77   14.6       500,012       499,544     0  -1.048  -0.793       918      355,915         0
 107   6.20   6.57     59.76   0    0     g1f1   Kg1-f1    92%     0.862      3.38     1.55   14.3       500,327       500,295     0  -0.998   0.038       896      285,068       715
 108   6.24   6.61     58.93  10   10     c4d4   Qc4xd4    98%     0.708      5.66     2.05   21.2       500,239       500,081     1  -0.993   0.265     1,141      340,115         0
 109   6.18   6.64     58.13   0   10     a4a5    c4-c5  ! 62%     0.734      5.31     2.03   13.1       500,003       499,556     1  -0.990   0.345     1,071      387,583         0
 110   6.22   6.67     57.42  10   10     a2a3    a2-a3    90%     0.937      2.63     1.11   10.0       500,021       499,718     1  -1.021  -0.697       775       30,554       957
695.269 sec TC: EPDS  mdiff:  0.00 memTot:  0.00  CPU:1415.08 secs, GC 18 18 18  WS:  3.95 WSPeak:   5.04


Total LC0 Time 477.42
Total C1 Time 198.92

Avg LC0 pos/sec    116283.80
Avg Ceres    pos/sec    278934.25